scenario_id,age,healthy_alive_fraction,sick_alive_fraction,dead_fraction
baseline,0.0,1.0,0.0,0.0
baseline,2.0,0.9997875,0.0002125,0.0
baseline,4.0,0.9994,0.0006,0.0
baseline,6.0,0.9990875,0.0009,1.25e-05
baseline,8.0,0.9986875,0.0012875,2.5e-05
baseline,10.0,0.9982625,0.0016875,5e-05
baseline,12.0,0.9976125,0.0023125,7.5e-05
baseline,14.0,0.997125,0.0027875,8.75e-05
baseline,16.0,0.996475,0.003375,0.00015
baseline,18.0,0.995425,0.0043875,0.0001875
baseline,20.0,0.9944875,0.0052875,0.000225
baseline,22.0,0.993175,0.0065125,0.0003125
baseline,24.0,0.991675,0.0079375,0.0003875
baseline,26.0,0.9897375,0.009725,0.0005375
baseline,28.0,0.9875625,0.0118375,0.0006
baseline,30.0,0.9848,0.0145,0.0007
baseline,32.0,0.981725,0.0173375,0.0009375
baseline,34.0,0.9783875,0.020425,0.0011875
baseline,36.0,0.9736125,0.024925,0.0014625
baseline,38.0,0.967975,0.0301,0.001925
baseline,40.0,0.9613,0.0362625,0.0024375
baseline,42.0,0.9532875,0.043575,0.0031375
baseline,44.0,0.943275,0.052625,0.0041
baseline,46.0,0.932325,0.062225,0.00545
baseline,48.0,0.9183625,0.074775,0.0068625
baseline,50.0,0.9027875,0.08825,0.0089625
baseline,52.0,0.884,0.1045,0.0115
baseline,54.0,0.86195,0.12345,0.0146
baseline,56.0,0.836925,0.1443125,0.0187625
baseline,58.0,0.808,0.168375,0.023625
baseline,60.0,0.7729875,0.196075,0.0309375
baseline,62.0,0.7341125,0.225125,0.0407625
baseline,64.0,0.6888,0.2579375,0.0532625
baseline,66.0,0.6401,0.2902375,0.0696625
baseline,68.0,0.5858,0.3253625,0.0888375
baseline,70.0,0.526875,0.3586625,0.1144625
baseline,72.0,0.4649125,0.3898875,0.1452
baseline,74.0,0.4015125,0.414075,0.1844125
baseline,76.0,0.3366625,0.434025,0.2293125
baseline,78.0,0.274725,0.442375,0.2829
baseline,80.0,0.2164625,0.4377,0.3458375
baseline,82.0,0.1635375,0.4193125,0.41715
baseline,84.0,0.117825,0.3866125,0.4955625
baseline,86.0,0.0803625,0.3424125,0.577225
baseline,88.0,0.0523375,0.2863875,0.661275
baseline,90.0,0.0319375,0.227,0.7410625
baseline,92.0,0.017925,0.1683875,0.8136875
baseline,94.0,0.009075,0.11575,0.875175
baseline,96.0,0.0042625,0.0741875,0.92155
baseline,98.0,0.0017,0.0427375,0.9555625
baseline,100.0,0.0005875,0.0220625,0.97735
baseline,102.0,0.0001625,0.0101,0.9897375
baseline,104.0,5e-05,0.004025,0.995925
baseline,106.0,1.25e-05,0.0014125,0.998575
baseline,108.0,0.0,0.0003,0.9997
baseline,110.0,0.0,6.25e-05,0.9999375
baseline,112.0,0.0,2.5e-05,0.999975
baseline,114.0,0.0,0.0,1.0
baseline,116.0,0.0,0.0,1.0
baseline,118.0,0.0,0.0,1.0
baseline,120.0,0.0,0.0,1.0
baseline,122.0,0.0,0.0,1.0
baseline,124.0,0.0,0.0,1.0
baseline,126.0,0.0,0.0,1.0
baseline,128.0,0.0,0.0,1.0
baseline,130.0,0.0,0.0,1.0
baseline,132.0,0.0,0.0,1.0
baseline,134.0,0.0,0.0,1.0
baseline,136.0,0.0,0.0,1.0
baseline,138.0,0.0,0.0,1.0
baseline,140.0,0.0,0.0,1.0
xc_only,0.0,1.0,0.0,0.0
xc_only,2.0,0.99975,0.00025,0.0
xc_only,4.0,0.9993375,0.0006625,0.0
xc_only,6.0,0.9990125,0.0009875,0.0
xc_only,8.0,0.998475,0.001525,0.0
xc_only,10.0,0.998025,0.001975,0.0
xc_only,12.0,0.9974625,0.0025375,0.0
xc_only,14.0,0.996925,0.003075,0.0
xc_only,16.0,0.9961875,0.0038125,0.0
xc_only,18.0,0.9951875,0.0048125,0.0
xc_only,20.0,0.994025,0.005975,0.0
xc_only,22.0,0.9929,0.0070875,1.25e-05
xc_only,24.0,0.9914875,0.0085,1.25e-05
xc_only,26.0,0.989675,0.0103,2.5e-05
xc_only,28.0,0.987625,0.012325,5e-05
xc_only,30.0,0.98525,0.0146625,8.75e-05
xc_only,32.0,0.9821,0.0177875,0.0001125
xc_only,34.0,0.9788125,0.02105,0.0001375
xc_only,36.0,0.9744125,0.0254,0.0001875
xc_only,38.0,0.968575,0.0311875,0.0002375
xc_only,40.0,0.9616125,0.0380875,0.0003
xc_only,42.0,0.9537375,0.04575,0.0005125
xc_only,44.0,0.944275,0.0550125,0.0007125
xc_only,46.0,0.9328,0.06635,0.00085
xc_only,48.0,0.9193375,0.079475,0.0011875
xc_only,50.0,0.9042,0.0942375,0.0015625
xc_only,52.0,0.8853875,0.112425,0.0021875
xc_only,54.0,0.8629375,0.134075,0.0029875
xc_only,56.0,0.83715,0.1589875,0.0038625
xc_only,58.0,0.807325,0.1874125,0.0052625
xc_only,60.0,0.771625,0.2214,0.006975
xc_only,62.0,0.7331625,0.257125,0.0097125
xc_only,64.0,0.689525,0.2974375,0.0130375
xc_only,66.0,0.6400125,0.3423625,0.017625
xc_only,68.0,0.5854125,0.3904375,0.02415
xc_only,70.0,0.5258625,0.440675,0.0334625
xc_only,72.0,0.4634375,0.4918375,0.044725
xc_only,74.0,0.4004875,0.5383375,0.061175
xc_only,76.0,0.334225,0.5837375,0.0820375
xc_only,78.0,0.2732,0.61675,0.11005
xc_only,80.0,0.2151,0.638525,0.146375
xc_only,82.0,0.162,0.644725,0.193275
xc_only,84.0,0.11715,0.6311,0.25175
xc_only,86.0,0.0791625,0.59945,0.3213875
xc_only,88.0,0.0508375,0.54705,0.4021125
xc_only,90.0,0.0308,0.4753375,0.4938625
xc_only,92.0,0.0163375,0.3936625,0.59
xc_only,94.0,0.008425,0.3054125,0.6861625
xc_only,96.0,0.00405,0.2217,0.77425
xc_only,98.0,0.0015875,0.149225,0.8491875
xc_only,100.0,0.0006625,0.090675,0.9086625
xc_only,102.0,0.000175,0.048675,0.95115
xc_only,104.0,8.75e-05,0.022775,0.9771375
xc_only,106.0,1.25e-05,0.0092625,0.990725
xc_only,108.0,0.0,0.00325,0.99675
xc_only,110.0,0.0,0.0008375,0.9991625
xc_only,112.0,0.0,0.0001625,0.9998375
xc_only,114.0,0.0,3.75e-05,0.9999625
xc_only,116.0,0.0,0.0,1.0
xc_only,118.0,0.0,0.0,1.0
xc_only,120.0,0.0,0.0,1.0
xc_only,122.0,0.0,0.0,1.0
xc_only,124.0,0.0,0.0,1.0
xc_only,126.0,0.0,0.0,1.0
xc_only,128.0,0.0,0.0,1.0
xc_only,130.0,0.0,0.0,1.0
xc_only,132.0,0.0,0.0,1.0
xc_only,134.0,0.0,0.0,1.0
xc_only,136.0,0.0,0.0,1.0
xc_only,138.0,0.0,0.0,1.0
xc_only,140.0,0.0,0.0,1.0
proportional,0.0,1.0,0.0,0.0
proportional,2.0,0.999975,2.5e-05,0.0
proportional,4.0,0.9999375,6.25e-05,0.0
proportional,6.0,0.9998625,0.0001375,0.0
proportional,8.0,0.9998125,0.0001875,0.0
proportional,10.0,0.9997375,0.0002625,0.0
proportional,12.0,0.9996625,0.0003375,0.0
proportional,14.0,0.99955,0.00045,0.0
proportional,16.0,0.9995,0.0005,0.0
proportional,18.0,0.99935,0.000625,2.5e-05
proportional,20.0,0.999175,0.0008,2.5e-05
proportional,22.0,0.998925,0.0010375,3.75e-05
proportional,24.0,0.998725,0.0012375,3.75e-05
proportional,26.0,0.998425,0.0015375,3.75e-05
proportional,28.0,0.9981,0.0018625,3.75e-05
proportional,30.0,0.997575,0.0023875,3.75e-05
proportional,32.0,0.9969625,0.0029625,7.5e-05
proportional,34.0,0.9963625,0.00355,8.75e-05
proportional,36.0,0.9954375,0.0044375,0.000125
proportional,38.0,0.9941375,0.00565,0.0002125
proportional,40.0,0.99285,0.0068875,0.0002625
proportional,42.0,0.9909375,0.0087125,0.00035
proportional,44.0,0.9888875,0.0106875,0.000425
proportional,46.0,0.986,0.01345,0.00055
proportional,48.0,0.982125,0.017025,0.00085
proportional,50.0,0.97755,0.0212875,0.0011625
proportional,52.0,0.9717125,0.026675,0.0016125
proportional,54.0,0.9645375,0.03315,0.0023125
proportional,56.0,0.9553875,0.041375,0.0032375
proportional,58.0,0.94425,0.0512125,0.0045375
proportional,60.0,0.92955,0.064175,0.006275
proportional,62.0,0.911875,0.0794125,0.0087125
proportional,64.0,0.88905,0.099125,0.011825
proportional,66.0,0.8608375,0.1222875,0.016875
proportional,68.0,0.8298125,0.14705,0.0231375
proportional,70.0,0.791425,0.17705,0.031525
proportional,72.0,0.74655,0.2098625,0.0435875
proportional,74.0,0.692675,0.248075,0.05925
proportional,76.0,0.632625,0.2867125,0.0806625
proportional,78.0,0.566725,0.3247625,0.1085125
proportional,80.0,0.4929625,0.3611125,0.145925
proportional,82.0,0.416825,0.390025,0.19315
proportional,84.0,0.3401625,0.406525,0.2533125
proportional,86.0,0.2678375,0.4088625,0.3233
proportional,88.0,0.1992,0.395675,0.405125
proportional,90.0,0.1395,0.3643375,0.4961625
proportional,92.0,0.0920625,0.3161375,0.5918
proportional,94.0,0.0566125,0.255925,0.6874625
proportional,96.0,0.031375,0.1926125,0.7760125
proportional,98.0,0.0158,0.132,0.8522
proportional,100.0,0.0071125,0.0816125,0.911275
proportional,102.0,0.002925,0.045625,0.95145
proportional,104.0,0.001025,0.0222,0.976775
proportional,106.0,0.0003125,0.00975,0.9899375
proportional,108.0,8.75e-05,0.0032875,0.996625
proportional,110.0,1.25e-05,0.0009375,0.99905
proportional,112.0,0.0,0.000175,0.999825
proportional,114.0,0.0,2.5e-05,0.999975
proportional,116.0,0.0,0.0,1.0
proportional,118.0,0.0,0.0,1.0
proportional,120.0,0.0,0.0,1.0
proportional,122.0,0.0,0.0,1.0
proportional,124.0,0.0,0.0,1.0
proportional,126.0,0.0,0.0,1.0
proportional,128.0,0.0,0.0,1.0
proportional,130.0,0.0,0.0,1.0
proportional,132.0,0.0,0.0,1.0
proportional,134.0,0.0,0.0,1.0
proportional,136.0,0.0,0.0,1.0
proportional,138.0,0.0,0.0,1.0
proportional,140.0,0.0,0.0,1.0
